# Created by Octave 4.2.1, Wed Jul 19 18:31:23 2017 UTC <prabushitha@whileLOOP>
# name: net
# type: scalar struct
# ndims: 2
 1 1
# length: 27
# name: networkType
# type: string
# elements: 1
# length: 5
newff


# name: numInputs
# type: scalar
1


# name: numLayers
# type: scalar
2


# name: numInputDelays
# type: scalar
0


# name: numLayerDelays
# type: scalar
0


# name: biasConnect
# type: matrix
# rows: 2
# columns: 1
 0
 0


# name: inputConnect
# type: matrix
# rows: 2
# columns: 1
 0
 0


# name: layerConnect
# type: matrix
# rows: 2
# columns: 2
 0 0
 0 0


# name: outputConnect
# type: matrix
# rows: 1
# columns: 2
 0 0


# name: targetConnect
# type: matrix
# rows: 1
# columns: 2
 0 0


# name: numOutputs
# type: scalar
1


# name: numTargets
# type: scalar
3


# name: inputs
# type: cell
# rows: 1
# columns: 1
# name: <cell-element>
# type: scalar struct
# ndims: 2
 1 1
# length: 3
# name: range
# type: matrix
# rows: 197
# columns: 2
 1 1
 1 1
 1 1
 1 1
 0 1
 0 1
 0 1
 0 1
 0 1
 0 1
 0 1
 0 1
 1 1
 1 1
 0 1
 1 1
 0 1
 0 1
 0 1
 0 1
 0 1
 0 1
 0 1
 0 1
 0 1
 0 1
 0 1
 1 1
 0 1
 0 1
 0 1
 0 1
 0 1
 0 1
 0 1
 0 1
 0 1
 1 1
 0 1
 0 1
 0 1
 0 1
 0 1
 0 1
 0 1
 0 1
 0 1
 0 1
 0 1
 0 1
 0 1
 1 1
 0 1
 0 1
 0 1
 0 1
 0 1
 0 1
 0 1
 0 1
 0 1
 0 1
 0 1
 0 1
 0 1
 1 1
 1 1
 0 1
 0 1
 0 1
 0 1
 0 1
 0 1
 0 1
 0 1
 0 1
 0 1
 0 1
 0 1
 0 1
 1 1
 0 1
 0 1
 0 1
 0 1
 0 1
 0 1
 0 1
 0 1
 0 1
 0 1
 0 1
 0 1
 0 1
 1 1
 0 1
 0 1
 0 1
 0 1
 0 1
 0 1
 0 1
 0 1
 0 1
 0 1
 0 1
 0 1
 0 1
 1 1
 0 1
 0 1
 0 1
 0 1
 0 1
 0 1
 0 1
 0 1
 0 1
 0 1
 0 1
 0 1
 0 1
 0 1
 0 1
 0 1
 0 1
 0 1
 0 1
 0 1
 0 1
 0 1
 0 1
 0 1
 0 1
 0 1
 0 1
 0 1
 0 1
 0 1
 0 1
 0 1
 0 1
 0 1
 0 1
 0 1
 0 1
 0 1
 0 1
 0 1
 0 1
 0 1
 0 1
 0 1
 0 1
 0 1
 0 1
 0 1
 0 1
 1 1
 0 1
 0 1
 0 1
 0 1
 0 1
 0 1
 0 1
 0 1
 0 1
 0 1
 0 1
 0 1
 0 1
 0 1
 0 1
 0 1
 0 1
 0 1
 0 1
 0 1
 0 1
 0 1
 0 1
 0 1
 0 1
 0 1
 1 1
 0 1
 0 1
 0 1
 0 1
 0 1
 0 1
 0 1
 1 1
 0 1
 0 1
 0 0


# name: size
# type: scalar
197


# name: userdata
# type: string
# elements: 1
# length: 34
Put your custom informations here!







# name: layers
# type: cell
# rows: 2
# columns: 1
# name: <cell-element>
# type: scalar struct
# ndims: 2
 1 1
# length: 5
# name: dimension
# type: scalar
0


# name: netInputFcn
# type: string
# elements: 0


# name: size
# type: scalar
6


# name: transferFcn
# type: string
# elements: 1
# length: 6
tansig


# name: userdata
# type: string
# elements: 1
# length: 34
Put your custom informations here!




# name: <cell-element>
# type: scalar struct
# ndims: 2
 1 1
# length: 5
# name: dimension
# type: scalar
0


# name: netInputFcn
# type: string
# elements: 0


# name: size
# type: scalar
3


# name: transferFcn
# type: string
# elements: 1
# length: 7
purelin


# name: userdata
# type: string
# elements: 1
# length: 34
Put your custom informations here!







# name: biases
# type: cell
# rows: 2
# columns: 1
# name: <cell-element>
# type: scalar struct
# ndims: 2
 1 1
# length: 5
# name: learn
# type: scalar
1


# name: learnFcn
# type: string
# elements: 0


# name: learnParam
# type: string
# elements: 1
# length: 12
undefined...


# name: size
# type: scalar
6


# name: userdata
# type: string
# elements: 1
# length: 34
Put your custom informations here!




# name: <cell-element>
# type: scalar struct
# ndims: 2
 1 1
# length: 5
# name: learn
# type: scalar
1


# name: learnFcn
# type: string
# elements: 0


# name: learnParam
# type: string
# elements: 1
# length: 12
undefined...


# name: size
# type: scalar
3


# name: userdata
# type: string
# elements: 1
# length: 34
Put your custom informations here!







# name: inputWeights
# type: cell
# rows: 0
# columns: 0


# name: layerWeights
# type: cell
# rows: 0
# columns: 0


# name: outputs
# type: cell
# rows: 1
# columns: 2
# name: <cell-element>
# type: matrix
# rows: 0
# columns: 0



# name: <cell-element>
# type: scalar struct
# ndims: 2
 1 1
# length: 2
# name: size
# type: scalar
1


# name: userdata
# type: string
# elements: 1
# length: 34
Put your custom informations here!







# name: targets
# type: cell
# rows: 1
# columns: 2
# name: <cell-element>
# type: matrix
# rows: 0
# columns: 0



# name: <cell-element>
# type: scalar struct
# ndims: 2
 1 1
# length: 2
# name: size
# type: scalar
3


# name: userdata
# type: string
# elements: 1
# length: 34
Put your custom informations here!







# name: performFcn
# type: string
# elements: 1
# length: 3
mse


# name: performParam
# type: matrix
# rows: 0
# columns: 0


# name: trainFcn
# type: string
# elements: 1
# length: 7
trainlm


# name: trainParam
# type: scalar struct
# ndims: 2
 1 1
# length: 11
# name: epochs
# type: scalar
50


# name: goal
# type: scalar
0


# name: max_fail
# type: scalar
5


# name: mem_reduc
# type: scalar
1


# name: min_grad
# type: scalar
1e-10


# name: mu
# type: scalar
0.001


# name: mu_dec
# type: scalar
0.1


# name: mu_inc
# type: scalar
10


# name: mu_max
# type: scalar
10000000000


# name: show
# type: scalar
50


# name: time
# type: scalar
Inf




# name: IW
# type: cell
# rows: 2
# columns: 1
